Hit rate     0 masked: 9.83e-07 per pixel per event
Hit rate    10 masked: 1.24e-07 per pixel per event
Hit rate   100 masked: 5.28e-09 per pixel per event
Hit rate  1000 masked: 0.00e+00 per pixel per event
326 436 13079.0
626 358 11275.0
590 480 5572.0
172 84 4989.0
1014 171 3859.0
402 502 2948.0
407 189 1062.0
334 400 874.0
147 159 802.0
292 311 595.0
769 380 497.0
908 431 485.0
697 184 475.0
74 323 425.0
173 220 342.0
556 511 299.0
458 400 291.0
891 256 262.0
535 208 245.0
352 479 236.0
525 472 206.0
1019 45 201.0
767 112 192.0
389 74 171.0
268 269 147.0
218 312 141.0
412 340 128.0
986 139 122.0
327 66 118.0
876 40 114.0
627 111 113.0
511 324 107.0
864 392 104.0
886 76 73.0
952 426 66.0
203 124 52.0
348 91 50.0
272 270 49.0
507 193 44.0
629 316 39.0
896 193 32.0
785 398 30.0
547 302 30.0
858 193 23.0
195 165 22.0
469 243 17.0
104 117 16.0
98 402 16.0
716 36 15.0
703 193 14.0
790 387 13.0
699 62 13.0
633 473 13.0
1021 405 12.0
940 351 12.0
542 98 12.0
490 1 11.0
913 495 9.0
577 432 9.0
755 43 8.0
751 5 8.0
451 214 8.0
762 484 7.0
996 357 6.0
384 233 6.0
950 383 5.0
769 361 5.0
433 222 5.0
1009 52 3.0
934 18 3.0
694 199 3.0
693 96 3.0
635 72 3.0
174 162 3.0
976 111 2.0
867 315 2.0
843 488 2.0
809 412 2.0
553 64 2.0
404 463 2.0
326 55 2.0
259 172 2.0
255 350 2.0
69 159 2.0
24 138 2.0
998 504 1.0
957 312 1.0
948 138 1.0
939 63 1.0
934 198 1.0
917 508 1.0
838 366 1.0
802 472 1.0
785 159 1.0
766 369 1.0
731 135 1.0
725 25 1.0
668 368 1.0
661 74 1.0
661 69 1.0
645 417 1.0
590 511 1.0
585 474 1.0
584 320 1.0
533 17 1.0
521 261 1.0
496 496 1.0
473 411 1.0
446 228 1.0
418 34 1.0
412 26 1.0
407 102 1.0
379 97 1.0
377 58 1.0
372 168 1.0
192 58 1.0
190 19 1.0
105 108 1.0
89 127 1.0
89 126 1.0
89 125 1.0
89 124 1.0
89 123 1.0
89 122 1.0
89 121 1.0
89 120 1.0
89 119 1.0
89 118 1.0
89 117 1.0
89 116 1.0
89 115 1.0
89 114 1.0
89 113 1.0
89 112 1.0
89 111 1.0
89 110 1.0
89 109 1.0
89 108 1.0
89 107 1.0
89 106 1.0
89 105 1.0
89 104 1.0
89 103 1.0
89 102 1.0
89 101 1.0
89 100 1.0
89 99 1.0
89 98 1.0
89 97 1.0
89 96 1.0
89 95 1.0
89 94 1.0
89 93 1.0
89 92 1.0
89 91 1.0
89 90 1.0
89 89 1.0
89 88 1.0
89 87 1.0
89 86 1.0
89 85 1.0
89 84 1.0
89 83 1.0
89 82 1.0
89 81 1.0
89 80 1.0
89 79 1.0
89 78 1.0
89 77 1.0
89 76 1.0
89 75 1.0
89 74 1.0
89 73 1.0
89 72 1.0
89 71 1.0
89 70 1.0
89 69 1.0
89 68 1.0
89 67 1.0
89 66 1.0
89 65 1.0
89 64 1.0
89 63 1.0
89 62 1.0
89 61 1.0
89 60 1.0
89 59 1.0
89 58 1.0
89 57 1.0
89 56 1.0
89 55 1.0
89 54 1.0
89 53 1.0
89 52 1.0
89 51 1.0
89 50 1.0
89 49 1.0
89 48 1.0
89 47 1.0
89 46 1.0
89 45 1.0
89 44 1.0
89 43 1.0
89 42 1.0
89 41 1.0
89 40 1.0
89 39 1.0
89 38 1.0
89 37 1.0
89 36 1.0
89 35 1.0
89 34 1.0
89 33 1.0
89 32 1.0
89 31 1.0
89 30 1.0
89 29 1.0
89 28 1.0
89 27 1.0
89 26 1.0
89 25 1.0
89 24 1.0
89 23 1.0
89 22 1.0
89 21 1.0
89 20 1.0
89 19 1.0
89 18 1.0
89 17 1.0
89 16 1.0
89 15 1.0
89 14 1.0
89 13 1.0
89 12 1.0
89 11 1.0
89 10 1.0
89 9 1.0
89 8 1.0
89 7 1.0
89 6 1.0
89 5 1.0
89 4 1.0
89 3 1.0
89 2 1.0
89 1 1.0
89 0 1.0
88 127 1.0
88 126 1.0
88 125 1.0
88 124 1.0
88 123 1.0
88 122 1.0
88 121 1.0
88 120 1.0
88 119 1.0
88 118 1.0
88 117 1.0
88 116 1.0
88 115 1.0
88 114 1.0
88 113 1.0
88 112 1.0
88 111 1.0
88 110 1.0
88 109 1.0
88 108 1.0
88 107 1.0
88 106 1.0
88 105 1.0
88 104 1.0
88 103 1.0
88 102 1.0
88 101 1.0
88 100 1.0
88 99 1.0
88 98 1.0
88 97 1.0
88 96 1.0
88 95 1.0
88 94 1.0
88 93 1.0
88 92 1.0
88 91 1.0
88 90 1.0
88 89 1.0
88 88 1.0
88 87 1.0
88 86 1.0
88 85 1.0
88 84 1.0
88 83 1.0
88 82 1.0
88 81 1.0
88 80 1.0
88 79 1.0
88 78 1.0
88 77 1.0
88 76 1.0
88 75 1.0
88 74 1.0
88 73 1.0
88 72 1.0
88 71 1.0
88 70 1.0
88 69 1.0
88 68 1.0
88 67 1.0
88 66 1.0
88 65 1.0
88 64 1.0
88 63 1.0
88 62 1.0
88 61 1.0
88 60 1.0
88 59 1.0
88 58 1.0
88 57 1.0
88 56 1.0
88 55 1.0
88 54 1.0
88 53 1.0
88 52 1.0
88 51 1.0
88 50 1.0
88 49 1.0
88 48 1.0
88 47 1.0
88 46 1.0
88 45 1.0
88 44 1.0
88 43 1.0
88 42 1.0
88 41 1.0
88 40 1.0
88 39 1.0
88 38 1.0
88 37 1.0
88 36 1.0
88 35 1.0
88 34 1.0
88 33 1.0
88 32 1.0
88 31 1.0
88 30 1.0
88 29 1.0
88 28 1.0
88 27 1.0
88 26 1.0
88 25 1.0
88 24 1.0
88 23 1.0
88 22 1.0
88 21 1.0
88 20 1.0
88 19 1.0
88 18 1.0
88 17 1.0
88 16 1.0
88 15 1.0
88 14 1.0
88 13 1.0
88 12 1.0
88 11 1.0
88 10 1.0
88 9 1.0
88 8 1.0
88 7 1.0
88 6 1.0
88 5 1.0
88 4 1.0
88 3 1.0
88 2 1.0
88 1 1.0
88 0 1.0
87 28 1.0
60 83 1.0
46 268 1.0
