Hit rate     0 masked: 1.14e-07 per pixel per event
Hit rate    10 masked: 1.05e-08 per pixel per event
Hit rate   100 masked: 7.46e-09 per pixel per event
Hit rate  1000 masked: 0.00e+00 per pixel per event
181 360 2642.0
314 235 1466.0
242 255 512.0
465 21 380.0
730 197 167.0
367 435 96.0
276 352 72.0
577 401 36.0
807 432 30.0
293 505 27.0
415 85 23.0
433 235 15.0
15 60 15.0
366 100 8.0
5 330 5.0
129 40 4.0
551 430 3.0
931 397 2.0
676 322 2.0
537 438 2.0
312 156 2.0
106 289 2.0
1009 143 1.0
709 385 1.0
602 467 1.0
555 210 1.0
522 359 1.0
394 436 1.0
387 271 1.0
387 269 1.0
387 256 1.0
387 255 1.0
387 254 1.0
387 253 1.0
387 252 1.0
387 251 1.0
387 250 1.0
387 249 1.0
387 248 1.0
387 247 1.0
387 246 1.0
387 245 1.0
387 244 1.0
387 243 1.0
387 242 1.0
387 241 1.0
387 240 1.0
387 239 1.0
387 238 1.0
387 237 1.0
387 236 1.0
387 235 1.0
387 234 1.0
387 233 1.0
387 232 1.0
387 231 1.0
387 230 1.0
387 229 1.0
387 228 1.0
387 227 1.0
387 226 1.0
387 225 1.0
387 224 1.0
387 223 1.0
387 222 1.0
387 221 1.0
387 220 1.0
387 219 1.0
387 218 1.0
387 217 1.0
387 216 1.0
387 215 1.0
387 214 1.0
387 213 1.0
387 212 1.0
387 211 1.0
387 210 1.0
387 209 1.0
387 208 1.0
387 207 1.0
387 206 1.0
387 205 1.0
387 204 1.0
387 203 1.0
387 202 1.0
387 201 1.0
387 200 1.0
387 199 1.0
387 198 1.0
387 197 1.0
387 196 1.0
387 194 1.0
387 181 1.0
387 180 1.0
387 179 1.0
387 178 1.0
387 177 1.0
387 176 1.0
387 175 1.0
387 174 1.0
387 173 1.0
387 172 1.0
387 171 1.0
387 170 1.0
387 169 1.0
387 168 1.0
387 167 1.0
387 166 1.0
387 165 1.0
387 164 1.0
387 163 1.0
387 162 1.0
387 161 1.0
387 160 1.0
387 159 1.0
387 158 1.0
387 157 1.0
387 156 1.0
387 155 1.0
387 154 1.0
387 153 1.0
387 152 1.0
387 151 1.0
387 150 1.0
387 149 1.0
387 148 1.0
387 147 1.0
387 146 1.0
387 145 1.0
387 144 1.0
387 143 1.0
387 142 1.0
387 141 1.0
387 139 1.0
387 138 1.0
387 137 1.0
387 136 1.0
387 135 1.0
387 134 1.0
387 133 1.0
387 132 1.0
387 131 1.0
387 130 1.0
387 129 1.0
387 128 1.0
387 127 1.0
387 126 1.0
387 125 1.0
387 124 1.0
387 123 1.0
387 122 1.0
387 121 1.0
387 120 1.0
387 119 1.0
387 118 1.0
387 117 1.0
387 116 1.0
387 115 1.0
387 114 1.0
387 113 1.0
387 112 1.0
387 111 1.0
387 110 1.0
387 109 1.0
387 108 1.0
387 107 1.0
387 106 1.0
387 105 1.0
387 104 1.0
387 103 1.0
387 102 1.0
387 101 1.0
387 100 1.0
387 99 1.0
387 98 1.0
387 97 1.0
387 96 1.0
387 95 1.0
387 94 1.0
387 93 1.0
387 92 1.0
387 91 1.0
387 90 1.0
387 88 1.0
387 87 1.0
387 86 1.0
387 85 1.0
387 84 1.0
387 83 1.0
387 82 1.0
387 81 1.0
387 80 1.0
387 79 1.0
387 78 1.0
387 77 1.0
387 76 1.0
387 75 1.0
387 74 1.0
387 73 1.0
387 72 1.0
387 71 1.0
387 70 1.0
387 69 1.0
387 68 1.0
387 67 1.0
387 66 1.0
387 65 1.0
387 64 1.0
387 63 1.0
387 62 1.0
387 61 1.0
387 60 1.0
387 59 1.0
387 58 1.0
387 57 1.0
387 56 1.0
387 55 1.0
387 54 1.0
387 53 1.0
387 52 1.0
387 51 1.0
387 50 1.0
387 49 1.0
387 48 1.0
387 47 1.0
387 46 1.0
387 45 1.0
387 44 1.0
387 43 1.0
387 42 1.0
387 41 1.0
387 40 1.0
387 39 1.0
387 38 1.0
387 37 1.0
387 36 1.0
387 35 1.0
387 34 1.0
387 33 1.0
387 32 1.0
387 31 1.0
387 30 1.0
387 29 1.0
387 27 1.0
387 14 1.0
387 13 1.0
387 12 1.0
387 11 1.0
387 10 1.0
387 9 1.0
387 8 1.0
387 7 1.0
387 6 1.0
387 5 1.0
387 4 1.0
387 3 1.0
387 2 1.0
387 1 1.0
387 0 1.0
386 268 1.0
386 256 1.0
386 255 1.0
386 254 1.0
386 253 1.0
386 252 1.0
386 251 1.0
386 250 1.0
386 249 1.0
386 248 1.0
386 247 1.0
386 246 1.0
386 245 1.0
386 244 1.0
386 243 1.0
386 242 1.0
386 241 1.0
386 240 1.0
386 239 1.0
386 238 1.0
386 237 1.0
386 236 1.0
386 235 1.0
386 234 1.0
386 233 1.0
386 232 1.0
386 231 1.0
386 230 1.0
386 229 1.0
386 228 1.0
386 227 1.0
386 226 1.0
386 225 1.0
386 224 1.0
386 223 1.0
386 222 1.0
386 221 1.0
386 220 1.0
386 219 1.0
386 218 1.0
386 217 1.0
386 216 1.0
386 215 1.0
386 214 1.0
386 213 1.0
386 212 1.0
386 211 1.0
386 210 1.0
386 209 1.0
386 208 1.0
386 207 1.0
386 206 1.0
386 205 1.0
386 204 1.0
386 203 1.0
386 202 1.0
386 201 1.0
386 200 1.0
386 199 1.0
386 198 1.0
386 197 1.0
386 196 1.0
386 194 1.0
386 181 1.0
386 180 1.0
386 179 1.0
386 178 1.0
386 177 1.0
386 176 1.0
386 175 1.0
386 174 1.0
386 173 1.0
386 172 1.0
386 170 1.0
386 169 1.0
386 168 1.0
386 167 1.0
386 166 1.0
386 165 1.0
386 164 1.0
386 163 1.0
386 162 1.0
386 161 1.0
386 160 1.0
386 159 1.0
386 158 1.0
386 157 1.0
386 156 1.0
386 155 1.0
386 154 1.0
386 153 1.0
386 152 1.0
386 151 1.0
386 150 1.0
386 149 1.0
386 148 1.0
386 147 1.0
386 146 1.0
386 145 1.0
386 144 1.0
386 143 1.0
386 142 1.0
386 141 1.0
386 140 1.0
386 139 1.0
386 138 1.0
386 137 1.0
386 136 1.0
386 135 1.0
386 134 1.0
386 133 1.0
386 132 1.0
386 131 1.0
386 130 1.0
386 129 1.0
386 128 1.0
386 127 1.0
386 126 1.0
386 125 1.0
386 124 1.0
386 123 1.0
386 122 1.0
386 121 1.0
386 120 1.0
386 119 1.0
386 118 1.0
386 117 1.0
386 116 1.0
386 115 1.0
386 114 1.0
386 113 1.0
386 112 1.0
386 111 1.0
386 110 1.0
386 109 1.0
386 108 1.0
386 107 1.0
386 106 1.0
386 105 1.0
386 104 1.0
386 103 1.0
386 102 1.0
386 101 1.0
386 100 1.0
386 99 1.0
386 98 1.0
386 97 1.0
386 96 1.0
386 95 1.0
386 94 1.0
386 93 1.0
386 92 1.0
386 91 1.0
386 90 1.0
386 89 1.0
386 88 1.0
386 87 1.0
386 86 1.0
386 85 1.0
386 84 1.0
386 83 1.0
386 82 1.0
386 81 1.0
386 80 1.0
386 79 1.0
386 78 1.0
386 77 1.0
386 76 1.0
386 75 1.0
386 74 1.0
386 73 1.0
386 72 1.0
386 71 1.0
386 70 1.0
386 69 1.0
386 68 1.0
386 67 1.0
386 66 1.0
386 65 1.0
386 64 1.0
386 63 1.0
386 62 1.0
386 61 1.0
386 60 1.0
386 59 1.0
386 58 1.0
386 57 1.0
386 56 1.0
386 55 1.0
386 54 1.0
386 53 1.0
386 52 1.0
386 51 1.0
386 50 1.0
386 49 1.0
386 48 1.0
386 47 1.0
386 46 1.0
386 45 1.0
386 44 1.0
386 43 1.0
386 42 1.0
386 41 1.0
386 40 1.0
386 39 1.0
386 38 1.0
386 37 1.0
386 36 1.0
386 35 1.0
386 34 1.0
386 33 1.0
386 32 1.0
386 31 1.0
386 30 1.0
386 29 1.0
386 27 1.0
386 14 1.0
386 13 1.0
386 12 1.0
386 11 1.0
386 10 1.0
386 9 1.0
386 8 1.0
386 7 1.0
386 6 1.0
386 5 1.0
386 4 1.0
386 3 1.0
386 2 1.0
386 1 1.0
386 0 1.0
158 356 1.0
