Hit rate     0 masked: 2.61e-07 per pixel per event
Hit rate    10 masked: 1.77e-08 per pixel per event
Hit rate   100 masked: 1.32e-08 per pixel per event
Hit rate  1000 masked: 0.00e+00 per pixel per event
236 204 7254.0
2 244 3196.0
481 45 554.0
199 30 546.0
664 175 544.0
916 284 361.0
382 138 101.0
800 340 70.0
636 235 67.0
320 321 64.0
1005 348 54.0
848 105 49.0
890 14 14.0
163 484 13.0
916 76 6.0
787 382 6.0
469 304 5.0
275 276 4.0
516 75 3.0
943 125 2.0
76 152 2.0
954 359 1.0
953 359 1.0
953 358 1.0
917 501 1.0
843 311 1.0
829 323 1.0
802 21 1.0
627 383 1.0
627 382 1.0
627 381 1.0
627 380 1.0
627 379 1.0
627 378 1.0
627 377 1.0
627 376 1.0
627 375 1.0
627 374 1.0
627 373 1.0
627 372 1.0
627 371 1.0
627 369 1.0
627 368 1.0
627 367 1.0
627 366 1.0
627 365 1.0
627 364 1.0
627 363 1.0
627 362 1.0
627 361 1.0
627 360 1.0
627 359 1.0
627 358 1.0
627 357 1.0
627 356 1.0
627 355 1.0
627 354 1.0
627 353 1.0
627 352 1.0
627 351 1.0
627 350 1.0
627 349 1.0
627 348 1.0
627 347 1.0
627 346 1.0
627 345 1.0
627 344 1.0
627 343 1.0
627 342 1.0
627 341 1.0
627 340 1.0
627 339 1.0
627 338 1.0
627 337 1.0
627 336 1.0
627 335 1.0
627 334 1.0
627 333 1.0
627 332 1.0
627 331 1.0
627 330 1.0
627 329 1.0
627 328 1.0
627 327 1.0
627 326 1.0
627 325 1.0
627 324 1.0
627 323 1.0
627 322 1.0
627 321 1.0
627 320 1.0
627 319 1.0
627 318 1.0
627 317 1.0
627 316 1.0
627 315 1.0
627 314 1.0
627 312 1.0
627 311 1.0
627 310 1.0
627 309 1.0
627 308 1.0
627 307 1.0
627 306 1.0
627 305 1.0
627 304 1.0
627 303 1.0
627 301 1.0
627 300 1.0
627 299 1.0
627 298 1.0
627 297 1.0
627 296 1.0
627 295 1.0
627 294 1.0
627 293 1.0
627 292 1.0
627 291 1.0
627 290 1.0
627 289 1.0
627 288 1.0
627 287 1.0
627 286 1.0
627 285 1.0
627 284 1.0
627 283 1.0
627 282 1.0
627 281 1.0
627 280 1.0
627 279 1.0
627 277 1.0
627 276 1.0
627 275 1.0
627 274 1.0
627 273 1.0
627 272 1.0
627 271 1.0
627 270 1.0
627 269 1.0
627 268 1.0
627 267 1.0
627 266 1.0
627 265 1.0
627 264 1.0
627 263 1.0
627 262 1.0
627 261 1.0
627 260 1.0
627 259 1.0
627 258 1.0
627 257 1.0
627 256 1.0
627 255 1.0
627 254 1.0
627 253 1.0
627 252 1.0
627 251 1.0
627 250 1.0
627 249 1.0
627 248 1.0
627 247 1.0
627 246 1.0
627 245 1.0
627 244 1.0
627 243 1.0
627 242 1.0
627 241 1.0
627 240 1.0
627 239 1.0
627 238 1.0
627 237 1.0
627 236 1.0
627 235 1.0
627 234 1.0
627 233 1.0
627 232 1.0
627 231 1.0
627 230 1.0
627 229 1.0
627 228 1.0
627 227 1.0
627 226 1.0
627 225 1.0
627 224 1.0
627 223 1.0
627 222 1.0
627 221 1.0
627 220 1.0
627 219 1.0
627 218 1.0
627 217 1.0
627 216 1.0
627 215 1.0
627 214 1.0
627 213 1.0
627 212 1.0
627 211 1.0
627 210 1.0
627 209 1.0
627 208 1.0
627 207 1.0
627 206 1.0
627 205 1.0
627 204 1.0
627 203 1.0
627 202 1.0
627 201 1.0
627 200 1.0
627 199 1.0
627 198 1.0
627 197 1.0
627 196 1.0
627 195 1.0
627 194 1.0
627 193 1.0
627 192 1.0
627 191 1.0
627 190 1.0
627 189 1.0
627 188 1.0
627 187 1.0
627 186 1.0
627 185 1.0
627 184 1.0
627 183 1.0
627 182 1.0
627 181 1.0
627 180 1.0
627 179 1.0
627 178 1.0
627 177 1.0
627 176 1.0
627 175 1.0
627 174 1.0
627 173 1.0
627 172 1.0
627 171 1.0
627 170 1.0
627 169 1.0
627 168 1.0
627 167 1.0
627 166 1.0
627 165 1.0
627 164 1.0
627 163 1.0
627 162 1.0
627 161 1.0
627 160 1.0
627 159 1.0
627 158 1.0
627 157 1.0
627 156 1.0
627 155 1.0
627 154 1.0
627 153 1.0
627 152 1.0
627 151 1.0
627 150 1.0
627 149 1.0
627 148 1.0
627 147 1.0
627 146 1.0
627 145 1.0
627 144 1.0
627 143 1.0
627 142 1.0
627 141 1.0
627 140 1.0
627 139 1.0
627 138 1.0
627 137 1.0
627 136 1.0
627 135 1.0
627 134 1.0
627 133 1.0
627 132 1.0
627 131 1.0
627 130 1.0
627 129 1.0
627 128 1.0
627 127 1.0
627 126 1.0
627 125 1.0
627 124 1.0
627 123 1.0
627 122 1.0
627 121 1.0
627 120 1.0
627 119 1.0
627 118 1.0
627 117 1.0
627 116 1.0
627 115 1.0
627 114 1.0
627 113 1.0
627 112 1.0
627 111 1.0
627 110 1.0
627 109 1.0
627 108 1.0
627 107 1.0
627 106 1.0
627 105 1.0
627 104 1.0
627 103 1.0
627 102 1.0
627 101 1.0
627 100 1.0
627 99 1.0
627 98 1.0
627 97 1.0
627 96 1.0
627 95 1.0
627 94 1.0
627 93 1.0
627 92 1.0
627 91 1.0
627 90 1.0
627 89 1.0
627 88 1.0
627 87 1.0
627 86 1.0
627 85 1.0
627 84 1.0
627 83 1.0
627 82 1.0
627 81 1.0
627 80 1.0
627 79 1.0
627 78 1.0
627 77 1.0
627 76 1.0
627 75 1.0
627 74 1.0
627 73 1.0
627 72 1.0
627 71 1.0
627 70 1.0
627 69 1.0
627 68 1.0
627 67 1.0
627 66 1.0
627 65 1.0
627 64 1.0
627 63 1.0
627 62 1.0
627 61 1.0
627 60 1.0
627 59 1.0
627 58 1.0
627 57 1.0
627 56 1.0
627 55 1.0
627 54 1.0
627 53 1.0
627 52 1.0
627 51 1.0
627 50 1.0
627 49 1.0
627 48 1.0
627 47 1.0
627 46 1.0
627 45 1.0
627 44 1.0
627 43 1.0
627 42 1.0
627 41 1.0
627 40 1.0
627 39 1.0
627 38 1.0
627 37 1.0
627 36 1.0
627 35 1.0
627 34 1.0
627 33 1.0
627 32 1.0
627 31 1.0
627 30 1.0
627 29 1.0
627 28 1.0
627 27 1.0
627 26 1.0
627 25 1.0
627 24 1.0
627 23 1.0
627 22 1.0
627 21 1.0
627 20 1.0
627 19 1.0
627 18 1.0
627 17 1.0
627 16 1.0
627 15 1.0
627 14 1.0
627 13 1.0
627 12 1.0
627 11 1.0
627 10 1.0
627 9 1.0
627 8 1.0
627 7 1.0
627 6 1.0
627 5 1.0
627 4 1.0
627 3 1.0
627 2 1.0
627 1 1.0
627 0 1.0
626 383 1.0
626 382 1.0
626 381 1.0
626 380 1.0
626 379 1.0
626 378 1.0
626 377 1.0
626 376 1.0
626 375 1.0
626 374 1.0
626 373 1.0
626 372 1.0
626 371 1.0
626 369 1.0
626 368 1.0
626 367 1.0
626 366 1.0
626 365 1.0
626 364 1.0
626 363 1.0
626 362 1.0
626 361 1.0
626 360 1.0
626 359 1.0
626 358 1.0
626 357 1.0
626 356 1.0
626 355 1.0
626 354 1.0
626 353 1.0
626 352 1.0
626 351 1.0
626 350 1.0
626 349 1.0
626 348 1.0
626 347 1.0
626 346 1.0
626 345 1.0
626 344 1.0
626 343 1.0
626 342 1.0
626 341 1.0
626 340 1.0
626 339 1.0
626 338 1.0
626 337 1.0
626 336 1.0
626 335 1.0
626 334 1.0
626 333 1.0
626 332 1.0
626 331 1.0
626 330 1.0
626 329 1.0
626 328 1.0
626 327 1.0
626 326 1.0
626 325 1.0
626 324 1.0
626 323 1.0
626 322 1.0
626 321 1.0
626 320 1.0
626 319 1.0
626 318 1.0
626 317 1.0
626 316 1.0
626 315 1.0
626 314 1.0
626 312 1.0
626 311 1.0
626 310 1.0
626 309 1.0
626 308 1.0
626 307 1.0
626 306 1.0
626 305 1.0
626 304 1.0
626 303 1.0
626 302 1.0
626 301 1.0
626 300 1.0
626 299 1.0
626 298 1.0
626 297 1.0
626 296 1.0
626 295 1.0
626 294 1.0
626 293 1.0
626 292 1.0
626 291 1.0
626 290 1.0
626 289 1.0
626 288 1.0
626 287 1.0
626 286 1.0
626 285 1.0
626 284 1.0
626 283 1.0
626 282 1.0
626 281 1.0
626 280 1.0
626 279 1.0
626 278 1.0
626 277 1.0
626 276 1.0
626 275 1.0
626 274 1.0
626 273 1.0
626 272 1.0
626 271 1.0
626 270 1.0
626 269 1.0
626 268 1.0
626 267 1.0
626 266 1.0
626 265 1.0
626 264 1.0
626 263 1.0
626 262 1.0
626 261 1.0
626 260 1.0
626 259 1.0
626 258 1.0
626 257 1.0
626 256 1.0
626 255 1.0
626 254 1.0
626 253 1.0
626 252 1.0
626 251 1.0
626 250 1.0
626 248 1.0
626 247 1.0
626 246 1.0
626 245 1.0
626 244 1.0
626 243 1.0
626 241 1.0
626 240 1.0
626 239 1.0
626 238 1.0
626 237 1.0
626 236 1.0
626 235 1.0
626 234 1.0
626 233 1.0
626 232 1.0
626 231 1.0
626 230 1.0
626 229 1.0
626 228 1.0
626 227 1.0
626 226 1.0
626 225 1.0
626 224 1.0
626 223 1.0
626 222 1.0
626 221 1.0
626 220 1.0
626 219 1.0
626 218 1.0
626 217 1.0
626 216 1.0
626 215 1.0
626 214 1.0
626 213 1.0
626 212 1.0
626 211 1.0
626 210 1.0
626 209 1.0
626 208 1.0
626 207 1.0
626 206 1.0
626 205 1.0
626 204 1.0
626 203 1.0
626 202 1.0
626 201 1.0
626 200 1.0
626 199 1.0
626 198 1.0
626 197 1.0
626 196 1.0
626 195 1.0
626 194 1.0
626 193 1.0
626 192 1.0
626 191 1.0
626 190 1.0
626 189 1.0
626 188 1.0
626 187 1.0
626 186 1.0
626 185 1.0
626 184 1.0
626 183 1.0
626 182 1.0
626 181 1.0
626 180 1.0
626 179 1.0
626 178 1.0
626 177 1.0
626 176 1.0
626 175 1.0
626 174 1.0
626 173 1.0
626 172 1.0
626 171 1.0
626 170 1.0
626 169 1.0
626 168 1.0
626 167 1.0
626 166 1.0
626 165 1.0
626 164 1.0
626 163 1.0
626 162 1.0
626 161 1.0
626 160 1.0
626 159 1.0
626 158 1.0
626 157 1.0
626 156 1.0
626 155 1.0
626 154 1.0
626 153 1.0
626 152 1.0
626 151 1.0
626 150 1.0
626 149 1.0
626 148 1.0
626 147 1.0
626 146 1.0
626 145 1.0
626 144 1.0
626 143 1.0
626 142 1.0
626 141 1.0
626 140 1.0
626 139 1.0
626 138 1.0
626 137 1.0
626 136 1.0
626 135 1.0
626 134 1.0
626 133 1.0
626 132 1.0
626 131 1.0
626 130 1.0
626 129 1.0
626 128 1.0
626 127 1.0
626 126 1.0
626 125 1.0
626 124 1.0
626 123 1.0
626 122 1.0
626 121 1.0
626 120 1.0
626 119 1.0
626 118 1.0
626 117 1.0
626 116 1.0
626 115 1.0
626 114 1.0
626 113 1.0
626 112 1.0
626 111 1.0
626 110 1.0
626 109 1.0
626 108 1.0
626 107 1.0
626 106 1.0
626 105 1.0
626 104 1.0
626 103 1.0
626 102 1.0
626 101 1.0
626 100 1.0
626 99 1.0
626 98 1.0
626 97 1.0
626 96 1.0
626 95 1.0
626 94 1.0
626 93 1.0
626 92 1.0
626 91 1.0
626 90 1.0
626 89 1.0
626 88 1.0
626 87 1.0
626 86 1.0
626 85 1.0
626 84 1.0
626 83 1.0
626 82 1.0
626 81 1.0
626 80 1.0
626 79 1.0
626 78 1.0
626 77 1.0
626 76 1.0
626 75 1.0
626 74 1.0
626 73 1.0
626 72 1.0
626 71 1.0
626 70 1.0
626 69 1.0
626 68 1.0
626 67 1.0
626 66 1.0
626 65 1.0
626 64 1.0
626 63 1.0
626 62 1.0
626 61 1.0
626 60 1.0
626 59 1.0
626 58 1.0
626 57 1.0
626 56 1.0
626 55 1.0
626 54 1.0
626 53 1.0
626 52 1.0
626 51 1.0
626 50 1.0
626 49 1.0
626 48 1.0
626 47 1.0
626 46 1.0
626 45 1.0
626 44 1.0
626 43 1.0
626 42 1.0
626 41 1.0
626 40 1.0
626 39 1.0
626 38 1.0
626 37 1.0
626 36 1.0
626 35 1.0
626 34 1.0
626 33 1.0
626 32 1.0
626 31 1.0
626 30 1.0
626 29 1.0
626 28 1.0
626 27 1.0
626 26 1.0
626 25 1.0
626 24 1.0
626 23 1.0
626 22 1.0
626 21 1.0
626 20 1.0
626 19 1.0
626 18 1.0
626 17 1.0
626 16 1.0
626 15 1.0
626 14 1.0
626 13 1.0
626 12 1.0
626 11 1.0
626 10 1.0
626 9 1.0
626 8 1.0
626 7 1.0
626 6 1.0
626 5 1.0
626 4 1.0
626 3 1.0
626 2 1.0
626 1 1.0
626 0 1.0
258 294 1.0
140 507 1.0
57 177 1.0
35 169 1.0
